Language	TP	Rib	SMX	Mus	Aid	Ncs	RG	CT	SFM	RC	Nic	CZ	Cut	Ver	FS	Fel	PCa	SMC	FrM	Gar	Bar	BA	TA	Mes	Cel	Bot	TE	Sav	RE	Cor	Nov	PR	Cas	Pvi	Chi	MdL	VI	TS	Lad	SaG	CGA	CGB	CyG	RPG	PhG	Cap	Grk
TP	0.0	0.013513513513513514	0.0273972602739726	0.04054054054054054	0.0410958904109589	0.07142857142857142	0.0136986301369863	0.0273972602739726	0.013888888888888888	0.0273972602739726	0.06756756756756757	0.0547945205479452	0.0958904109589041	0.09859154929577464	0.08108108108108109	0.0945945945945946	0.0945945945945946	0.0945945945945946	0.09722222222222222	0.1095890410958904	0.0945945945945946	0.10810810810810811	0.06756756756756757	0.06756756756756757	0.0410958904109589	0.0547945205479452	0.1	0.11940298507462686	0.11764705882352941	0.13636363636363635	0.11764705882352941	0.11428571428571428	0.11764705882352941	0.08695652173913043	0.08450704225352113	0.1	0.06756756756756757	0.06944444444444445	0.07042253521126761	0.1076923076923077	0.171875	0.125	0.1774193548387097	0.11475409836065574	0.11475409836065574	0.14516129032258066	0.1774193548387097
Rib	0.013513513513513514	0.0	0.0136986301369863	0.02702702702702703	0.0273972602739726	0.08571428571428572	0.0273972602739726	0.0136986301369863	0.013888888888888888	0.0410958904109589	0.08108108108108109	0.0684931506849315	0.0821917808219178	0.09859154929577464	0.0945945945945946	0.10810810810810811	0.10810810810810811	0.10810810810810811	0.08333333333333333	0.0958904109589041	0.10810810810810811	0.12162162162162163	0.08108108108108109	0.05405405405405406	0.0547945205479452	0.0684931506849315	0.1	0.11940298507462686	0.11764705882352941	0.13636363636363635	0.11764705882352941	0.11428571428571428	0.11764705882352941	0.08695652173913043	0.09859154929577464	0.1	0.08108108108108109	0.08333333333333333	0.08450704225352113	0.1076923076923077	0.171875	0.125	0.1774193548387097	0.13114754098360656	0.13114754098360656	0.12903225806451613	0.1774193548387097
SMX	0.0273972602739726	0.0136986301369863	0.0	0.0273972602739726	0.0136986301369863	0.07142857142857142	0.0136986301369863	0.0	0.028169014084507043	0.0273972602739726	0.0821917808219178	0.0547945205479452	0.0684931506849315	0.08450704225352113	0.0958904109589041	0.1095890410958904	0.1232876712328767	0.1232876712328767	0.09859154929577464	0.0821917808219178	0.1232876712328767	0.136986301369863	0.0958904109589041	0.0684931506849315	0.06944444444444445	0.08333333333333333	0.11594202898550725	0.1044776119402985	0.13432835820895522	0.15384615384615385	0.13432835820895522	0.13043478260869565	0.13432835820895522	0.10294117647058823	0.11428571428571428	0.11594202898550725	0.0958904109589041	0.09859154929577464	0.1	0.125	0.15625	0.109375	0.16129032258064516	0.15	0.15	0.14754098360655737	0.16129032258064516
Mus	0.04054054054054054	0.02702702702702703	0.0273972602739726	0.0	0.0410958904109589	0.08571428571428572	0.0410958904109589	0.0273972602739726	0.041666666666666664	0.0273972602739726	0.05405405405405406	0.0821917808219178	0.0684931506849315	0.11267605633802817	0.06756756756756757	0.08108108108108109	0.10810810810810811	0.10810810810810811	0.08333333333333333	0.0821917808219178	0.10810810810810811	0.12162162162162163	0.08108108108108109	0.08108108108108109	0.0821917808219178	0.0958904109589041	0.1	0.1044776119402985	0.11764705882352941	0.13636363636363635	0.11764705882352941	0.11428571428571428	0.11764705882352941	0.10144927536231885	0.09859154929577464	0.1	0.08108108108108109	0.09722222222222222	0.09859154929577464	0.13846153846153847	0.15625	0.140625	0.1774193548387097	0.14754098360655737	0.14754098360655737	0.14516129032258066	0.1774193548387097
Aid	0.0410958904109589	0.0273972602739726	0.0136986301369863	0.0410958904109589	0.0	0.07042253521126761	0.0273972602739726	0.0136986301369863	0.04225352112676056	0.0410958904109589	0.06756756756756757	0.04054054054054054	0.05405405405405406	0.06944444444444445	0.08108108108108109	0.0945945945945946	0.10810810810810811	0.10810810810810811	0.08333333333333333	0.06756756756756757	0.10810810810810811	0.12162162162162163	0.08108108108108109	0.05405405405405406	0.08333333333333333	0.09722222222222222	0.1	0.11940298507462686	0.14925373134328357	0.16923076923076924	0.14925373134328357	0.11428571428571428	0.11764705882352941	0.11764705882352941	0.11267605633802817	0.11428571428571428	0.0945945945945946	0.09722222222222222	0.08450704225352113	0.140625	0.171875	0.125	0.1774193548387097	0.13114754098360656	0.16666666666666666	0.16393442622950818	0.1774193548387097
Ncs	0.07142857142857142	0.08571428571428572	0.07142857142857142	0.08571428571428572	0.07042253521126761	0.0	0.05714285714285714	0.07142857142857142	0.08823529411764706	0.05714285714285714	0.06944444444444445	0.041666666666666664	0.06944444444444445	0.08571428571428572	0.06944444444444445	0.08333333333333333	0.09722222222222222	0.09722222222222222	0.1	0.08333333333333333	0.09722222222222222	0.1111111111111111	0.06944444444444445	0.09722222222222222	0.08571428571428572	0.1	0.10294117647058823	0.12121212121212122	0.1875	0.171875	0.1875	0.16417910447761194	0.16923076923076924	0.13432835820895522	0.13043478260869565	0.1323529411764706	0.1111111111111111	0.0945945945945946	0.0821917808219178	0.14754098360655737	0.16393442622950818	0.13114754098360656	0.16129032258064516	0.12903225806451613	0.14754098360655737	0.1935483870967742	0.16129032258064516
RG	0.0136986301369863	0.0273972602739726	0.0136986301369863	0.0410958904109589	0.0273972602739726	0.05714285714285714	0.0	0.0136986301369863	0.028169014084507043	0.0136986301369863	0.0684931506849315	0.0410958904109589	0.0821917808219178	0.08450704225352113	0.0821917808219178	0.0958904109589041	0.1095890410958904	0.1095890410958904	0.11267605633802817	0.0958904109589041	0.1095890410958904	0.1232876712328767	0.0821917808219178	0.0821917808219178	0.05555555555555555	0.06944444444444445	0.11594202898550725	0.1044776119402985	0.13432835820895522	0.15384615384615385	0.13432835820895522	0.13043478260869565	0.13432835820895522	0.10294117647058823	0.1	0.11594202898550725	0.0821917808219178	0.08450704225352113	0.08571428571428572	0.125	0.15625	0.109375	0.16129032258064516	0.13333333333333333	0.13333333333333333	0.16393442622950818	0.16129032258064516
CT	0.0273972602739726	0.0136986301369863	0.0	0.0273972602739726	0.0136986301369863	0.07142857142857142	0.0136986301369863	0.0	0.028169014084507043	0.0273972602739726	0.0821917808219178	0.0547945205479452	0.0684931506849315	0.08450704225352113	0.0958904109589041	0.1095890410958904	0.1232876712328767	0.1232876712328767	0.09859154929577464	0.0821917808219178	0.1232876712328767	0.136986301369863	0.0958904109589041	0.0684931506849315	0.06944444444444445	0.08333333333333333	0.11594202898550725	0.1044776119402985	0.13432835820895522	0.15384615384615385	0.13432835820895522	0.13043478260869565	0.13432835820895522	0.10294117647058823	0.11428571428571428	0.11594202898550725	0.0958904109589041	0.09859154929577464	0.1	0.125	0.15625	0.109375	0.16129032258064516	0.15	0.15	0.14754098360655737	0.16129032258064516
SFM	0.013888888888888888	0.013888888888888888	0.028169014084507043	0.041666666666666664	0.04225352112676056	0.08823529411764706	0.028169014084507043	0.028169014084507043	0.0	0.04225352112676056	0.08333333333333333	0.07042253521126761	0.09859154929577464	0.08333333333333333	0.09722222222222222	0.1111111111111111	0.1111111111111111	0.1111111111111111	0.1	0.11267605633802817	0.1111111111111111	0.125	0.08333333333333333	0.06944444444444445	0.056338028169014086	0.07042253521126761	0.09859154929577464	0.10294117647058823	0.10144927536231885	0.11940298507462686	0.10144927536231885	0.09859154929577464	0.10144927536231885	0.07142857142857142	0.10144927536231885	0.08450704225352113	0.08333333333333333	0.08571428571428572	0.08695652173913043	0.09090909090909091	0.15384615384615385	0.1076923076923077	0.15873015873015872	0.13559322033898305	0.13559322033898305	0.15	0.15873015873015872
RC	0.0273972602739726	0.0410958904109589	0.0273972602739726	0.0273972602739726	0.0410958904109589	0.05714285714285714	0.0136986301369863	0.0273972602739726	0.04225352112676056	0.0	0.0547945205479452	0.0547945205479452	0.0684931506849315	0.09859154929577464	0.0684931506849315	0.0821917808219178	0.0958904109589041	0.0958904109589041	0.09859154929577464	0.0821917808219178	0.0958904109589041	0.1095890410958904	0.0684931506849315	0.0958904109589041	0.06944444444444445	0.08333333333333333	0.10144927536231885	0.08955223880597014	0.11940298507462686	0.13846153846153847	0.11940298507462686	0.11594202898550725	0.11940298507462686	0.10294117647058823	0.08571428571428572	0.10144927536231885	0.0684931506849315	0.08450704225352113	0.08571428571428572	0.140625	0.140625	0.125	0.16129032258064516	0.13333333333333333	0.13333333333333333	0.16393442622950818	0.16129032258064516
Nic	0.06756756756756757	0.08108108108108109	0.0821917808219178	0.05405405405405406	0.06756756756756757	0.06944444444444445	0.0684931506849315	0.0821917808219178	0.08333333333333333	0.0547945205479452	0.0	0.04	0.05333333333333334	0.0821917808219178	0.02631578947368421	0.039473684210526314	0.06578947368421052	0.06578947368421052	0.06756756756756757	0.06666666666666667	0.06578947368421052	0.07894736842105263	0.039473684210526314	0.05263157894736842	0.05405405405405406	0.06756756756756757	0.06944444444444445	0.13432835820895522	0.16176470588235295	0.16666666666666666	0.16176470588235295	0.1267605633802817	0.13043478260869565	0.14492753623188406	0.1111111111111111	0.1267605633802817	0.09333333333333334	0.0958904109589041	0.0547945205479452	0.13846153846153847	0.15625	0.140625	0.1774193548387097	0.11290322580645161	0.14754098360655737	0.1774193548387097	0.1774193548387097
CZ	0.0547945205479452	0.0684931506849315	0.0547945205479452	0.0821917808219178	0.04054054054054054	0.041666666666666664	0.0410958904109589	0.0547945205479452	0.07042253521126761	0.0547945205479452	0.04	0.0	0.04	0.0410958904109589	0.04	0.05333333333333334	0.06666666666666667	0.06666666666666667	0.0684931506849315	0.05333333333333334	0.06666666666666667	0.08	0.04	0.05333333333333334	0.0547945205479452	0.0684931506849315	0.07042253521126761	0.13432835820895522	0.1791044776119403	0.18461538461538463	0.1791044776119403	0.14285714285714285	0.14705882352941177	0.14705882352941177	0.1267605633802817	0.14285714285714285	0.10810810810810811	0.09722222222222222	0.06944444444444445	0.125	0.15625	0.109375	0.16129032258064516	0.11475409836065574	0.15	0.18032786885245902	0.16129032258064516
Cut	0.0958904109589041	0.0821917808219178	0.0684931506849315	0.0684931506849315	0.05405405405405406	0.06944444444444445	0.0821917808219178	0.0684931506849315	0.09859154929577464	0.0684931506849315	0.05333333333333334	0.04	0.0	0.0410958904109589	0.02666666666666667	0.04	0.05333333333333334	0.05333333333333334	0.0273972602739726	0.04	0.08	0.09333333333333334	0.05333333333333334	0.06666666666666667	0.0958904109589041	0.1095890410958904	0.07042253521126761	0.13432835820895522	0.1791044776119403	0.18461538461538463	0.1791044776119403	0.14285714285714285	0.14705882352941177	0.16176470588235295	0.14084507042253522	0.14285714285714285	0.12162162162162163	0.125	0.09722222222222222	0.140625	0.140625	0.125	0.16129032258064516	0.13114754098360656	0.16666666666666666	0.16393442622950818	0.16129032258064516
Ver	0.09859154929577464	0.09859154929577464	0.08450704225352113	0.11267605633802817	0.06944444444444445	0.08571428571428572	0.08450704225352113	0.08450704225352113	0.08333333333333333	0.09859154929577464	0.0821917808219178	0.0410958904109589	0.0410958904109589	0.0	0.0547945205479452	0.0684931506849315	0.0821917808219178	0.0821917808219178	0.07042253521126761	0.0821917808219178	0.1095890410958904	0.1232876712328767	0.0821917808219178	0.0821917808219178	0.09859154929577464	0.11267605633802817	0.09722222222222222	0.14705882352941177	0.19117647058823528	0.19696969696969696	0.19117647058823528	0.15492957746478872	0.15942028985507245	0.15942028985507245	0.17391304347826086	0.15492957746478872	0.1527777777777778	0.14285714285714285	0.11428571428571428	0.1076923076923077	0.13846153846153847	0.09230769230769231	0.14285714285714285	0.13559322033898305	0.1724137931034483	0.1864406779661017	0.14285714285714285
FS	0.08108108108108109	0.0945945945945946	0.0958904109589041	0.06756756756756757	0.08108108108108109	0.06944444444444445	0.0821917808219178	0.0958904109589041	0.09722222222222222	0.0684931506849315	0.02631578947368421	0.04	0.02666666666666667	0.0547945205479452	0.0	0.013157894736842105	0.039473684210526314	0.039473684210526314	0.04054054054054054	0.06666666666666667	0.06578947368421052	0.07894736842105263	0.039473684210526314	0.07894736842105263	0.08108108108108109	0.0945945945945946	0.06944444444444445	0.14925373134328357	0.17647058823529413	0.18181818181818182	0.17647058823529413	0.14084507042253522	0.14492753623188406	0.15942028985507245	0.125	0.14084507042253522	0.10666666666666667	0.1095890410958904	0.0821917808219178	0.13846153846153847	0.15625	0.140625	0.1774193548387097	0.11290322580645161	0.14754098360655737	0.1774193548387097	0.1774193548387097
Fel	0.0945945945945946	0.10810810810810811	0.1095890410958904	0.08108108108108109	0.0945945945945946	0.08333333333333333	0.0958904109589041	0.1095890410958904	0.1111111111111111	0.0821917808219178	0.039473684210526314	0.05333333333333334	0.04	0.0684931506849315	0.013157894736842105	0.0	0.025974025974025976	0.025974025974025976	0.02666666666666667	0.05263157894736842	0.05194805194805195	0.06493506493506493	0.05263157894736842	0.09210526315789473	0.0945945945945946	0.10810810810810811	0.08333333333333333	0.14705882352941177	0.17391304347826086	0.1791044776119403	0.17391304347826086	0.1388888888888889	0.15942028985507245	0.17391304347826086	0.1388888888888889	0.15492957746478872	0.12	0.1232876712328767	0.0958904109589041	0.13636363636363635	0.15384615384615385	0.13846153846153847	0.1746031746031746	0.12903225806451613	0.16393442622950818	0.1935483870967742	0.1746031746031746
PCa	0.0945945945945946	0.10810810810810811	0.1232876712328767	0.10810810810810811	0.10810810810810811	0.09722222222222222	0.1095890410958904	0.1232876712328767	0.1111111111111111	0.0958904109589041	0.06578947368421052	0.06666666666666667	0.05333333333333334	0.0821917808219178	0.039473684210526314	0.025974025974025976	0.0	0.0	0.013333333333333334	0.06578947368421052	0.025974025974025976	0.03896103896103896	0.05263157894736842	0.09210526315789473	0.0945945945945946	0.10810810810810811	0.05555555555555555	0.14705882352941177	0.15942028985507245	0.16417910447761194	0.15942028985507245	0.125	0.14492753623188406	0.17391304347826086	0.1388888888888889	0.15492957746478872	0.12	0.1232876712328767	0.0958904109589041	0.13636363636363635	0.16923076923076924	0.15384615384615385	0.19047619047619047	0.12903225806451613	0.16393442622950818	0.1935483870967742	0.19047619047619047
SMC	0.0945945945945946	0.10810810810810811	0.1232876712328767	0.10810810810810811	0.10810810810810811	0.09722222222222222	0.1095890410958904	0.1232876712328767	0.1111111111111111	0.0958904109589041	0.06578947368421052	0.06666666666666667	0.05333333333333334	0.0821917808219178	0.039473684210526314	0.025974025974025976	0.0	0.0	0.013333333333333334	0.06578947368421052	0.025974025974025976	0.03896103896103896	0.05263157894736842	0.09210526315789473	0.0945945945945946	0.10810810810810811	0.05555555555555555	0.14705882352941177	0.15942028985507245	0.16417910447761194	0.15942028985507245	0.125	0.14492753623188406	0.17391304347826086	0.1388888888888889	0.15492957746478872	0.12	0.1232876712328767	0.0958904109589041	0.13636363636363635	0.16923076923076924	0.15384615384615385	0.19047619047619047	0.12903225806451613	0.16393442622950818	0.1935483870967742	0.19047619047619047
FrM	0.09722222222222222	0.08333333333333333	0.09859154929577464	0.08333333333333333	0.08333333333333333	0.1	0.11267605633802817	0.09859154929577464	0.1	0.09859154929577464	0.06756756756756757	0.0684931506849315	0.0273972602739726	0.07042253521126761	0.04054054054054054	0.02666666666666667	0.013333333333333334	0.013333333333333334	0.0	0.04054054054054054	0.04	0.05333333333333334	0.05405405405405406	0.06756756756756757	0.09722222222222222	0.1111111111111111	0.05714285714285714	0.14705882352941177	0.15942028985507245	0.16417910447761194	0.15942028985507245	0.125	0.14492753623188406	0.16417910447761194	0.14285714285714285	0.14492753623188406	0.1232876712328767	0.1267605633802817	0.09859154929577464	0.125	0.15873015873015872	0.14285714285714285	0.18032786885245902	0.13333333333333333	0.1694915254237288	0.16666666666666666	0.18032786885245902
Gar	0.1095890410958904	0.0958904109589041	0.0821917808219178	0.0821917808219178	0.06756756756756757	0.08333333333333333	0.0958904109589041	0.0821917808219178	0.11267605633802817	0.0821917808219178	0.06666666666666667	0.05333333333333334	0.04	0.0821917808219178	0.06666666666666667	0.05263157894736842	0.06578947368421052	0.06578947368421052	0.04054054054054054	0.0	0.06578947368421052	0.07894736842105263	0.06666666666666667	0.08	0.1095890410958904	0.1232876712328767	0.08450704225352113	0.1323529411764706	0.17647058823529413	0.18181818181818182	0.17647058823529413	0.14084507042253522	0.16176470588235295	0.17647058823529413	0.15492957746478872	0.15714285714285714	0.13513513513513514	0.1388888888888889	0.1111111111111111	0.15384615384615385	0.15384615384615385	0.13846153846153847	0.1746031746031746	0.16393442622950818	0.2	0.19672131147540983	0.1746031746031746
Bar	0.0945945945945946	0.10810810810810811	0.1232876712328767	0.10810810810810811	0.10810810810810811	0.09722222222222222	0.1095890410958904	0.1232876712328767	0.1111111111111111	0.0958904109589041	0.06578947368421052	0.06666666666666667	0.08	0.1095890410958904	0.06578947368421052	0.05194805194805195	0.025974025974025976	0.025974025974025976	0.04	0.06578947368421052	0.0	0.012987012987012988	0.02631578947368421	0.06578947368421052	0.0945945945945946	0.08108108108108109	0.05555555555555555	0.14705882352941177	0.13043478260869565	0.13432835820895522	0.13043478260869565	0.09722222222222222	0.11594202898550725	0.14492753623188406	0.1111111111111111	0.1267605633802817	0.09333333333333334	0.0958904109589041	0.0958904109589041	0.13636363636363635	0.16923076923076924	0.15384615384615385	0.19047619047619047	0.12903225806451613	0.16393442622950818	0.1935483870967742	0.19047619047619047
BA	0.10810810810810811	0.12162162162162163	0.136986301369863	0.12162162162162163	0.12162162162162163	0.1111111111111111	0.1232876712328767	0.136986301369863	0.125	0.1095890410958904	0.07894736842105263	0.08	0.09333333333333334	0.1232876712328767	0.07894736842105263	0.06493506493506493	0.03896103896103896	0.03896103896103896	0.05333333333333334	0.07894736842105263	0.012987012987012988	0.0	0.039473684210526314	0.07894736842105263	0.10810810810810811	0.0945945945945946	0.06944444444444445	0.16176470588235295	0.14492753623188406	0.14925373134328357	0.14492753623188406	0.1111111111111111	0.13043478260869565	0.15942028985507245	0.125	0.14084507042253522	0.10666666666666667	0.1095890410958904	0.1095890410958904	0.15151515151515152	0.18461538461538463	0.16923076923076924	0.20634920634920634	0.14516129032258066	0.18032786885245902	0.1774193548387097	0.20634920634920634
TA	0.06756756756756757	0.08108108108108109	0.0958904109589041	0.08108108108108109	0.08108108108108109	0.06944444444444445	0.0821917808219178	0.0958904109589041	0.08333333333333333	0.0684931506849315	0.039473684210526314	0.04	0.05333333333333334	0.0821917808219178	0.039473684210526314	0.05263157894736842	0.05263157894736842	0.05263157894736842	0.05405405405405406	0.06666666666666667	0.02631578947368421	0.039473684210526314	0.0	0.039473684210526314	0.06756756756756757	0.05405405405405406	0.05555555555555555	0.14925373134328357	0.1323529411764706	0.13636363636363635	0.1323529411764706	0.09859154929577464	0.10144927536231885	0.11594202898550725	0.08333333333333333	0.09859154929577464	0.06666666666666667	0.0684931506849315	0.0684931506849315	0.12307692307692308	0.15625	0.140625	0.1774193548387097	0.0967741935483871	0.13114754098360656	0.16129032258064516	0.1774193548387097
Mes	0.06756756756756757	0.05405405405405406	0.0684931506849315	0.08108108108108109	0.05405405405405406	0.09722222222222222	0.0821917808219178	0.0684931506849315	0.06944444444444445	0.0958904109589041	0.05263157894736842	0.05333333333333334	0.06666666666666667	0.0821917808219178	0.07894736842105263	0.09210526315789473	0.09210526315789473	0.09210526315789473	0.06756756756756757	0.08	0.06578947368421052	0.07894736842105263	0.039473684210526314	0.0	0.05405405405405406	0.04054054054054054	0.08333333333333333	0.16417910447761194	0.14705882352941177	0.15151515151515152	0.14705882352941177	0.11267605633802817	0.11594202898550725	0.11594202898550725	0.1111111111111111	0.11267605633802817	0.09333333333333334	0.0821917808219178	0.0684931506849315	0.1076923076923077	0.171875	0.125	0.1774193548387097	0.11290322580645161	0.14754098360655737	0.14516129032258066	0.1774193548387097
Cel	0.0410958904109589	0.0547945205479452	0.06944444444444445	0.0821917808219178	0.08333333333333333	0.08571428571428572	0.05555555555555555	0.06944444444444445	0.056338028169014086	0.06944444444444445	0.05405405405405406	0.0547945205479452	0.0958904109589041	0.09859154929577464	0.08108108108108109	0.0945945945945946	0.0945945945945946	0.0945945945945946	0.09722222222222222	0.1095890410958904	0.0945945945945946	0.10810810810810811	0.06756756756756757	0.05405405405405406	0.0	0.013513513513513514	0.1	0.13636363636363635	0.14925373134328357	0.15384615384615385	0.14925373134328357	0.14492753623188406	0.14925373134328357	0.11764705882352941	0.09859154929577464	0.13043478260869565	0.0958904109589041	0.08450704225352113	0.041666666666666664	0.09230769230769231	0.15625	0.109375	0.16129032258064516	0.11475409836065574	0.11475409836065574	0.14516129032258066	0.16129032258064516
Bot	0.0547945205479452	0.0684931506849315	0.08333333333333333	0.0958904109589041	0.09722222222222222	0.1	0.06944444444444445	0.08333333333333333	0.07042253521126761	0.08333333333333333	0.06756756756756757	0.0684931506849315	0.1095890410958904	0.11267605633802817	0.0945945945945946	0.10810810810810811	0.10810810810810811	0.10810810810810811	0.1111111111111111	0.1232876712328767	0.08108108108108109	0.0945945945945946	0.05405405405405406	0.04054054054054054	0.013513513513513514	0.0	0.11428571428571428	0.15151515151515152	0.13432835820895522	0.13846153846153847	0.13432835820895522	0.13043478260869565	0.13432835820895522	0.10294117647058823	0.08450704225352113	0.11594202898550725	0.0821917808219178	0.07042253521126761	0.05555555555555555	0.09230769230769231	0.15625	0.109375	0.16129032258064516	0.11475409836065574	0.11475409836065574	0.14516129032258066	0.16129032258064516
TE	0.1	0.1	0.11594202898550725	0.1	0.1	0.10294117647058823	0.11594202898550725	0.11594202898550725	0.09859154929577464	0.10144927536231885	0.06944444444444445	0.07042253521126761	0.07042253521126761	0.09722222222222222	0.06944444444444445	0.08333333333333333	0.05555555555555555	0.05555555555555555	0.05714285714285714	0.08450704225352113	0.05555555555555555	0.06944444444444445	0.05555555555555555	0.08333333333333333	0.1	0.11428571428571428	0.0	0.15151515151515152	0.14084507042253522	0.14492753623188406	0.15492957746478872	0.12857142857142856	0.125	0.1388888888888889	0.1111111111111111	0.10810810810810811	0.1267605633802817	0.13043478260869565	0.10144927536231885	0.15625	0.1746031746031746	0.1746031746031746	0.18032786885245902	0.13559322033898305	0.1724137931034483	0.1896551724137931	0.18032786885245902
Sav	0.11940298507462686	0.11940298507462686	0.1044776119402985	0.1044776119402985	0.11940298507462686	0.12121212121212122	0.1044776119402985	0.1044776119402985	0.10294117647058823	0.08955223880597014	0.13432835820895522	0.13432835820895522	0.13432835820895522	0.14705882352941177	0.14925373134328357	0.14705882352941177	0.14705882352941177	0.14705882352941177	0.14705882352941177	0.1323529411764706	0.14705882352941177	0.16176470588235295	0.14925373134328357	0.16417910447761194	0.13636363636363635	0.15151515151515152	0.15151515151515152	0.0	0.05970149253731343	0.04477611940298507	0.05970149253731343	0.057971014492753624	0.09090909090909091	0.1076923076923077	0.140625	0.10606060606060606	0.1044776119402985	0.12121212121212122	0.13846153846153847	0.12903225806451613	0.12903225806451613	0.11290322580645161	0.15	0.21818181818181817	0.21818181818181817	0.23214285714285715	0.15
RE	0.11764705882352941	0.11764705882352941	0.13432835820895522	0.11764705882352941	0.14925373134328357	0.1875	0.13432835820895522	0.13432835820895522	0.10144927536231885	0.11940298507462686	0.16176470588235295	0.1791044776119403	0.1791044776119403	0.19117647058823528	0.17647058823529413	0.17391304347826086	0.15942028985507245	0.15942028985507245	0.15942028985507245	0.17647058823529413	0.13043478260869565	0.14492753623188406	0.1323529411764706	0.14705882352941177	0.14925373134328357	0.13432835820895522	0.14084507042253522	0.05970149253731343	0.0	0.014285714285714285	0.013888888888888888	0.02857142857142857	0.04225352112676056	0.04285714285714286	0.08695652173913043	0.056338028169014086	0.07352941176470588	0.09090909090909091	0.13846153846153847	0.14285714285714285	0.16129032258064516	0.16129032258064516	0.16666666666666666	0.19642857142857142	0.19642857142857142	0.21428571428571427	0.16666666666666666
Cor	0.13636363636363635	0.13636363636363635	0.15384615384615385	0.13636363636363635	0.16923076923076924	0.171875	0.15384615384615385	0.15384615384615385	0.11940298507462686	0.13846153846153847	0.16666666666666666	0.18461538461538463	0.18461538461538463	0.19696969696969696	0.18181818181818182	0.1791044776119403	0.16417910447761194	0.16417910447761194	0.16417910447761194	0.18181818181818182	0.13432835820895522	0.14925373134328357	0.13636363636363635	0.15151515151515152	0.15384615384615385	0.13846153846153847	0.14492753623188406	0.04477611940298507	0.014285714285714285	0.0	0.02857142857142857	0.04411764705882353	0.057971014492753624	0.058823529411764705	0.1044776119402985	0.07246376811594203	0.09090909090909091	0.1076923076923077	0.15625	0.13114754098360656	0.15	0.15	0.15517241379310345	0.2	0.2	0.21818181818181817	0.15517241379310345
Nov	0.11764705882352941	0.11764705882352941	0.13432835820895522	0.11764705882352941	0.14925373134328357	0.1875	0.13432835820895522	0.13432835820895522	0.10144927536231885	0.11940298507462686	0.16176470588235295	0.1791044776119403	0.1791044776119403	0.19117647058823528	0.17647058823529413	0.17391304347826086	0.15942028985507245	0.15942028985507245	0.15942028985507245	0.17647058823529413	0.13043478260869565	0.14492753623188406	0.1323529411764706	0.14705882352941177	0.14925373134328357	0.13432835820895522	0.15492957746478872	0.05970149253731343	0.013888888888888888	0.02857142857142857	0.0	0.02857142857142857	0.028169014084507043	0.05714285714285714	0.10144927536231885	0.07042253521126761	0.07352941176470588	0.09090909090909091	0.13846153846153847	0.14285714285714285	0.16129032258064516	0.16129032258064516	0.16666666666666666	0.19642857142857142	0.19642857142857142	0.21428571428571427	0.16666666666666666
PR	0.11428571428571428	0.11428571428571428	0.13043478260869565	0.11428571428571428	0.11428571428571428	0.16417910447761194	0.13043478260869565	0.13043478260869565	0.09859154929577464	0.11594202898550725	0.1267605633802817	0.14285714285714285	0.14285714285714285	0.15492957746478872	0.14084507042253522	0.1388888888888889	0.125	0.125	0.125	0.14084507042253522	0.09722222222222222	0.1111111111111111	0.09859154929577464	0.11267605633802817	0.14492753623188406	0.13043478260869565	0.12857142857142856	0.057971014492753624	0.02857142857142857	0.04411764705882353	0.02857142857142857	0.0	0.02857142857142857	0.07352941176470588	0.08823529411764706	0.05714285714285714	0.056338028169014086	0.07246376811594203	0.10294117647058823	0.13846153846153847	0.171875	0.15625	0.1935483870967742	0.1724137931034483	0.21052631578947367	0.22413793103448276	0.1935483870967742
Cas	0.11764705882352941	0.11764705882352941	0.13432835820895522	0.11764705882352941	0.11764705882352941	0.16923076923076924	0.13432835820895522	0.13432835820895522	0.10144927536231885	0.11940298507462686	0.13043478260869565	0.14705882352941177	0.14705882352941177	0.15942028985507245	0.14492753623188406	0.15942028985507245	0.14492753623188406	0.14492753623188406	0.14492753623188406	0.16176470588235295	0.11594202898550725	0.13043478260869565	0.10144927536231885	0.11594202898550725	0.14925373134328357	0.13432835820895522	0.125	0.09090909090909091	0.04225352112676056	0.057971014492753624	0.028169014084507043	0.02857142857142857	0.0	0.05714285714285714	0.08571428571428572	0.05555555555555555	0.057971014492753624	0.07462686567164178	0.10606060606060606	0.1774193548387097	0.19672131147540983	0.19672131147540983	0.2033898305084746	0.15789473684210525	0.19642857142857142	0.21428571428571427	0.2033898305084746
Pvi	0.08695652173913043	0.08695652173913043	0.10294117647058823	0.10144927536231885	0.11764705882352941	0.13432835820895522	0.10294117647058823	0.10294117647058823	0.07142857142857142	0.10294117647058823	0.14492753623188406	0.14705882352941177	0.16176470588235295	0.15942028985507245	0.15942028985507245	0.17391304347826086	0.17391304347826086	0.17391304347826086	0.16417910447761194	0.17647058823529413	0.14492753623188406	0.15942028985507245	0.11594202898550725	0.11594202898550725	0.11764705882352941	0.10294117647058823	0.1388888888888889	0.1076923076923077	0.04285714285714286	0.058823529411764705	0.05714285714285714	0.07352941176470588	0.05714285714285714	0.0	0.07142857142857142	0.041666666666666664	0.057971014492753624	0.043478260869565216	0.08823529411764706	0.14285714285714285	0.1774193548387097	0.16129032258064516	0.16129032258064516	0.15254237288135594	0.15254237288135594	0.1694915254237288	0.16129032258064516
Chi	0.08450704225352113	0.09859154929577464	0.11428571428571428	0.09859154929577464	0.11267605633802817	0.13043478260869565	0.1	0.11428571428571428	0.10144927536231885	0.08571428571428572	0.1111111111111111	0.1267605633802817	0.14084507042253522	0.17391304347826086	0.125	0.1388888888888889	0.1388888888888889	0.1388888888888889	0.14285714285714285	0.15492957746478872	0.1111111111111111	0.125	0.08333333333333333	0.1111111111111111	0.09859154929577464	0.08450704225352113	0.1111111111111111	0.140625	0.08695652173913043	0.1044776119402985	0.10144927536231885	0.08823529411764706	0.08571428571428572	0.07142857142857142	0.0	0.0410958904109589	0.0273972602739726	0.04225352112676056	0.07142857142857142	0.1746031746031746	0.1935483870967742	0.1935483870967742	0.2	0.13114754098360656	0.15	0.18333333333333332	0.2
MdL	0.1	0.1	0.11594202898550725	0.1	0.11428571428571428	0.1323529411764706	0.11594202898550725	0.11594202898550725	0.08450704225352113	0.10144927536231885	0.1267605633802817	0.14285714285714285	0.14285714285714285	0.15492957746478872	0.14084507042253522	0.15492957746478872	0.15492957746478872	0.15492957746478872	0.14492753623188406	0.15714285714285714	0.1267605633802817	0.14084507042253522	0.09859154929577464	0.11267605633802817	0.13043478260869565	0.11594202898550725	0.10810810810810811	0.10606060606060606	0.056338028169014086	0.07246376811594203	0.07042253521126761	0.05714285714285714	0.05555555555555555	0.041666666666666664	0.0410958904109589	0.0	0.041666666666666664	0.05714285714285714	0.10294117647058823	0.15625	0.1746031746031746	0.1746031746031746	0.18032786885245902	0.15254237288135594	0.1724137931034483	0.1896551724137931	0.18032786885245902
VI	0.06756756756756757	0.08108108108108109	0.0958904109589041	0.08108108108108109	0.0945945945945946	0.1111111111111111	0.0821917808219178	0.0958904109589041	0.08333333333333333	0.0684931506849315	0.09333333333333334	0.10810810810810811	0.12162162162162163	0.1527777777777778	0.10666666666666667	0.12	0.12	0.12	0.1232876712328767	0.13513513513513514	0.09333333333333334	0.10666666666666667	0.06666666666666667	0.09333333333333334	0.0958904109589041	0.0821917808219178	0.1267605633802817	0.1044776119402985	0.07352941176470588	0.09090909090909091	0.07352941176470588	0.056338028169014086	0.057971014492753624	0.057971014492753624	0.0273972602739726	0.041666666666666664	0.0	0.013513513513513514	0.06944444444444445	0.15384615384615385	0.1875	0.171875	0.20967741935483872	0.12903225806451613	0.14754098360655737	0.1774193548387097	0.20967741935483872
TS	0.06944444444444445	0.08333333333333333	0.09859154929577464	0.09722222222222222	0.09722222222222222	0.0945945945945946	0.08450704225352113	0.09859154929577464	0.08571428571428572	0.08450704225352113	0.0958904109589041	0.09722222222222222	0.125	0.14285714285714285	0.1095890410958904	0.1232876712328767	0.1232876712328767	0.1232876712328767	0.1267605633802817	0.1388888888888889	0.0958904109589041	0.1095890410958904	0.0684931506849315	0.0821917808219178	0.08450704225352113	0.07042253521126761	0.13043478260869565	0.12121212121212122	0.09090909090909091	0.1076923076923077	0.09090909090909091	0.07246376811594203	0.07462686567164178	0.043478260869565216	0.04225352112676056	0.05714285714285714	0.013513513513513514	0.0	0.05405405405405406	0.14285714285714285	0.1935483870967742	0.16129032258064516	0.19047619047619047	0.125	0.14285714285714285	0.1875	0.19047619047619047
Lad	0.07042253521126761	0.08450704225352113	0.1	0.09859154929577464	0.08450704225352113	0.0821917808219178	0.08571428571428572	0.1	0.08695652173913043	0.08571428571428572	0.0547945205479452	0.06944444444444445	0.09722222222222222	0.11428571428571428	0.0821917808219178	0.0958904109589041	0.0958904109589041	0.0958904109589041	0.09859154929577464	0.1111111111111111	0.0958904109589041	0.1095890410958904	0.0684931506849315	0.0684931506849315	0.041666666666666664	0.05555555555555555	0.10144927536231885	0.13846153846153847	0.13846153846153847	0.15625	0.13846153846153847	0.10294117647058823	0.10606060606060606	0.08823529411764706	0.07142857142857142	0.10294117647058823	0.06944444444444445	0.05405405405405406	0.0	0.14285714285714285	0.1935483870967742	0.16129032258064516	0.19047619047619047	0.109375	0.14285714285714285	0.1875	0.19047619047619047
SaG	0.1076923076923077	0.1076923076923077	0.125	0.13846153846153847	0.140625	0.14754098360655737	0.125	0.125	0.09090909090909091	0.140625	0.13846153846153847	0.125	0.140625	0.1076923076923077	0.13846153846153847	0.13636363636363635	0.13636363636363635	0.13636363636363635	0.125	0.15384615384615385	0.13636363636363635	0.15151515151515152	0.12307692307692308	0.1076923076923077	0.09230769230769231	0.09230769230769231	0.15625	0.12903225806451613	0.14285714285714285	0.13114754098360656	0.14285714285714285	0.13846153846153847	0.1774193548387097	0.14285714285714285	0.1746031746031746	0.15625	0.15384615384615385	0.14285714285714285	0.14285714285714285	0.0	0.06060606060606061	0.015151515151515152	0.078125	0.1016949152542373	0.1016949152542373	0.15	0.078125
CGA	0.171875	0.171875	0.15625	0.15625	0.171875	0.16393442622950818	0.15625	0.15625	0.15384615384615385	0.140625	0.15625	0.15625	0.140625	0.13846153846153847	0.15625	0.15384615384615385	0.16923076923076924	0.16923076923076924	0.15873015873015872	0.15384615384615385	0.16923076923076924	0.18461538461538463	0.15625	0.171875	0.15625	0.15625	0.1746031746031746	0.12903225806451613	0.16129032258064516	0.15	0.16129032258064516	0.171875	0.19672131147540983	0.1774193548387097	0.1935483870967742	0.1746031746031746	0.1875	0.1935483870967742	0.1935483870967742	0.06060606060606061	0.0	0.045454545454545456	0.030303030303030304	0.11666666666666667	0.11666666666666667	0.13114754098360656	0.030303030303030304
CGB	0.125	0.125	0.109375	0.140625	0.125	0.13114754098360656	0.109375	0.109375	0.1076923076923077	0.125	0.140625	0.109375	0.125	0.09230769230769231	0.140625	0.13846153846153847	0.15384615384615385	0.15384615384615385	0.14285714285714285	0.13846153846153847	0.15384615384615385	0.16923076923076924	0.140625	0.125	0.109375	0.109375	0.1746031746031746	0.11290322580645161	0.16129032258064516	0.15	0.16129032258064516	0.15625	0.19672131147540983	0.16129032258064516	0.1935483870967742	0.1746031746031746	0.171875	0.16129032258064516	0.16129032258064516	0.015151515151515152	0.045454545454545456	0.0	0.0625	0.1206896551724138	0.1206896551724138	0.1694915254237288	0.0625
CyG	0.1774193548387097	0.1774193548387097	0.16129032258064516	0.1774193548387097	0.1774193548387097	0.16129032258064516	0.16129032258064516	0.16129032258064516	0.15873015873015872	0.16129032258064516	0.1774193548387097	0.16129032258064516	0.16129032258064516	0.14285714285714285	0.1774193548387097	0.1746031746031746	0.19047619047619047	0.19047619047619047	0.18032786885245902	0.1746031746031746	0.19047619047619047	0.20634920634920634	0.1774193548387097	0.1774193548387097	0.16129032258064516	0.16129032258064516	0.18032786885245902	0.15	0.16666666666666666	0.15517241379310345	0.16666666666666666	0.1935483870967742	0.2033898305084746	0.16129032258064516	0.2	0.18032786885245902	0.20967741935483872	0.19047619047619047	0.19047619047619047	0.078125	0.030303030303030304	0.0625	0.0	0.109375	0.109375	0.14925373134328357	0.0
RPG	0.11475409836065574	0.13114754098360656	0.15	0.14754098360655737	0.13114754098360656	0.12903225806451613	0.13333333333333333	0.15	0.13559322033898305	0.13333333333333333	0.11290322580645161	0.11475409836065574	0.13114754098360656	0.13559322033898305	0.11290322580645161	0.12903225806451613	0.12903225806451613	0.12903225806451613	0.13333333333333333	0.16393442622950818	0.12903225806451613	0.14516129032258066	0.0967741935483871	0.11290322580645161	0.11475409836065574	0.11475409836065574	0.13559322033898305	0.21818181818181817	0.19642857142857142	0.2	0.19642857142857142	0.1724137931034483	0.15789473684210525	0.15254237288135594	0.13114754098360656	0.15254237288135594	0.12903225806451613	0.125	0.109375	0.1016949152542373	0.11666666666666667	0.1206896551724138	0.109375	0.0	0.029850746268656716	0.13846153846153847	0.109375
PhG	0.11475409836065574	0.13114754098360656	0.15	0.14754098360655737	0.16666666666666666	0.14754098360655737	0.13333333333333333	0.15	0.13559322033898305	0.13333333333333333	0.14754098360655737	0.15	0.16666666666666666	0.1724137931034483	0.14754098360655737	0.16393442622950818	0.16393442622950818	0.16393442622950818	0.1694915254237288	0.2	0.16393442622950818	0.18032786885245902	0.13114754098360656	0.14754098360655737	0.11475409836065574	0.11475409836065574	0.1724137931034483	0.21818181818181817	0.19642857142857142	0.2	0.19642857142857142	0.21052631578947367	0.19642857142857142	0.15254237288135594	0.15	0.1724137931034483	0.14754098360655737	0.14285714285714285	0.14285714285714285	0.1016949152542373	0.11666666666666667	0.1206896551724138	0.109375	0.029850746268656716	0.0	0.1076923076923077	0.109375
Cap	0.14516129032258066	0.12903225806451613	0.14754098360655737	0.14516129032258066	0.16393442622950818	0.1935483870967742	0.16393442622950818	0.14754098360655737	0.15	0.16393442622950818	0.1774193548387097	0.18032786885245902	0.16393442622950818	0.1864406779661017	0.1774193548387097	0.1935483870967742	0.1935483870967742	0.1935483870967742	0.16666666666666666	0.19672131147540983	0.1935483870967742	0.1774193548387097	0.16129032258064516	0.14516129032258066	0.14516129032258066	0.14516129032258066	0.1896551724137931	0.23214285714285715	0.21428571428571427	0.21818181818181817	0.21428571428571427	0.22413793103448276	0.21428571428571427	0.1694915254237288	0.18333333333333332	0.1896551724137931	0.1774193548387097	0.1875	0.1875	0.15	0.13114754098360656	0.1694915254237288	0.14925373134328357	0.13846153846153847	0.1076923076923077	0.0	0.14925373134328357
Grk	0.1774193548387097	0.1774193548387097	0.16129032258064516	0.1774193548387097	0.1774193548387097	0.16129032258064516	0.16129032258064516	0.16129032258064516	0.15873015873015872	0.16129032258064516	0.1774193548387097	0.16129032258064516	0.16129032258064516	0.14285714285714285	0.1774193548387097	0.1746031746031746	0.19047619047619047	0.19047619047619047	0.18032786885245902	0.1746031746031746	0.19047619047619047	0.20634920634920634	0.1774193548387097	0.1774193548387097	0.16129032258064516	0.16129032258064516	0.18032786885245902	0.15	0.16666666666666666	0.15517241379310345	0.16666666666666666	0.1935483870967742	0.2033898305084746	0.16129032258064516	0.2	0.18032786885245902	0.20967741935483872	0.19047619047619047	0.19047619047619047	0.078125	0.030303030303030304	0.0625	0.0	0.109375	0.109375	0.14925373134328357	0.0
